0 0.43858536051099567 0.7218784025353019 0.0178670344827587 0.011299310344827562
0 0.34908660189030405 0.6916739580908519 0.013064827586206928 0.008317547892720349
0 0.30265134878685584 0.673153296328399 0.00571293131034481 0.00369612996168587
0 0.5399715845799445 0.680134026366731 0.0036609765517241536 0.005524107279693566
0 0.5293502328558067 0.6712452355621334 0.005468866206896513 0.002812272796934934
0 0.5687749471293514 0.664104458366731 0.004998453318620673 0.002699781885057511
0 0.546982794967189 0.6615452602913412 0.0019431024456386286 0.0016398218047756177
0 0.556959044913195 0.6636181693750007 0.0018104027664243216 0.0022959150848196022
1 0.5684644 0.6664252 0.0236204 0.0427048
1 0.4493166 0.6971392 0.0904584 0.1403858
1 0.3626871 0.6870849 0.0740411 0.1109748
1 0.3107692 0.6653327 0.0377234 0.0508883
1 0.5408280 0.6827330 0.0114380 0.0425885
1 0.5542414 0.6591388 0.0140699 0.0283376
1 0.5283521 0.6647769 0.0214408 0.0502042
