0 0.3787790704877134 0.6374304783279601 0.02145103448275861 0.03158314176245211
0 0.2845054704932306 0.5533099923938605 0.013563545931034449 0.009403086810727967
0 0.4599982216656462 0.560398375118769 0.0044835663448275186 0.0028926234482758886
0 0.5140819881759908 0.5553670977547847 0.0057563206620689445 0.004049672827586157
0 0.5465323556639908 0.5591463156257424 0.0034433789528275703 0.002962046411034466
0 0.5854044483404053 0.5813740518427538 0.0054670583172414106 0.0043067949118773645
0 0.4895368209175088 0.5478911307258189 0.0032583956833102273 0.0020569766743295474
0 0.5013306139944742 0.5646408016358572 0.0020178941175171775 0.0028797673440613012
1 0.5153994 0.5590563 0.0302905 0.0521514
1 0.4619592 0.5538898 0.0222876 0.0388402
1 0.5862521 0.5707639 0.0250323 0.0452507
1 0.5460641 0.5601512 0.0148306 0.0284841
1 0.4881938 0.5497204 0.0134151 0.0335303
1 0.3932487 0.6579310 0.0712846 0.2020161
1 0.4998062 0.5546639 0.0140915 0.0421407
1 0.3016561 0.5525724 0.0829901 0.1172395
1 0.4940057 0.5502301 0.0220456 0.0363493
