0 0.18795396681852938 0.7877159295610506 0.02019751724137932 0.017105900383141446
0 0.46358231164611585 0.7646383816683314 0.013771034482758475 0.008945287356321639
0 0.5095893875081847 0.7348941058062631 0.004463227586206852 0.002259862068965164
0 0.5520131861288743 0.7194529104039645 0.005016893793103448 0.003013149425287756
0 0.5384207999219777 0.7141060904805929 0.0035705820689654814 0.0017074513409960467
0 0.605528479480598 0.730271876963352 0.005177795972413778 0.003342587095785365
0 0.5732352381201082 0.7192854146520729 0.0029736608727042604 0.0013295186455463445
1 0.5120371 0.7272269 0.0252188 0.0414713
1 0.6052271 0.7179305 0.0237276 0.0432297
1 0.5543404 0.7227901 0.0293465 0.0461775
1 0.5744450 0.7154097 0.0151553 0.0340858
1 0.4734783 0.7466705 0.0704769 0.1111873
1 0.2283073 0.7861523 0.1586276 0.1845333
1 0.4379411 0.7228323 0.0169976 0.0310001
1 0.5364611 0.7172742 0.0135827 0.0321908
1 0.1462317 0.7657122 0.0247125 0.0479596
